697,34
697,33
697,32
697,31
697,27
697,30
697,29
697,28
697,24
697,26
697,25
697,20
697,23
697,22
697,21
697,16
697,19
697,18
697,17
697,12
697,15
697,14
697,13
697,10
697,11
697,9
697,4
697,8
697,7
697,6
697,5
722,3
722,2
722,1
722,0
721,3
721,2
721,1
721,0
720,10
720,9
720,8
720,7
720,6
720,5
720,4
720,3
720,2
720,1
720,0
719,9
719,8
719,7
719,6
719,5
719,4
719,3
719,2
719,1
719,0
718,8
718,7
718,6
718,5
718,4
718,3
718,2
718,1
718,0
717,7
717,6
717,5
717,4
717,3
717,2
717,1
717,0
716,6
716,5
716,4
716,3
716,2
716,1
716,0
715,5
715,4
715,3
715,2
715,1
715,0
714,4
714,3
714,2
714,1
714,0
713,3
713,2
713,1
713,0
712,3
712,2
712,1
712,0
711,3
711,2
711,1
711,0
710,3
710,2
710,1
710,0
709,3
709,2
709,1
709,0
708,8
708,7
708,6
708,5
708,4
708,3
708,2
708,1
708,0
707,7
707,6
707,5
707,4
707,3
707,2
707,1
707,0
706,6
706,5
706,4
706,3
706,2
706,1
706,0
705,5
705,4
705,3
705,2
705,1
705,0
704,8
704,7
704,6
704,5
704,4
704,3
704,2
704,1
704,0
703,7
703,6
703,5
703,4
703,3
703,2
703,1
703,0
702,6
702,5
702,4
702,3
702,2
702,1
702,0
701,5
701,4
701,3
701,2
701,1
701,0
700,6
700,5
700,4
700,3
700,2
700,1
700,0
699,5
699,4
699,3
699,2
699,1
699,0
698,4
698,3
698,2
698,1
698,0
697,3
697,2
697,1
697,0
696,3
696,2
696,1
696,0
695,3
695,2
695,1
695,0
669,34
669,33
669,32
669,31
669,27
669,30
669,29
669,28
669,24
669,26
669,25
669,20
669,23
669,22
669,21
669,16
669,19
669,18
669,17
669,12
669,15
669,14
669,13
669,10
669,11
669,9
669,4
669,8
669,7
669,6
669,5
694,3
694,2
694,1
694,0
693,3
693,2
693,1
693,0
692,10
692,9
692,8
692,7
692,6
692,5
692,4
692,3
692,2
692,1
692,0
691,9
691,8
691,7
691,6
691,5
691,4
691,3
691,2
691,1
691,0
690,8
690,7
690,6
690,5
690,4
690,3
690,2
690,1
690,0
689,7
689,6
689,5
689,4
689,3
689,2
689,1
689,0
688,6
688,5
688,4
688,3
688,2
688,1
688,0
687,5
687,4
687,3
687,2
687,1
687,0
686,4
686,3
686,2
686,1
686,0
685,3
685,2
685,1
685,0
684,3
684,2
684,1
684,0
683,3
683,2
683,1
683,0
682,3
682,2
682,1
682,0
681,3
681,2
681,1
681,0
680,8
680,7
680,6
680,5
680,4
680,3
680,2
680,1
680,0
679,7
679,6
679,5
679,4
679,3
679,2
679,1
679,0
678,6
678,5
678,4
678,3
678,2
678,1
678,0
677,5
677,4
677,3
677,2
677,1
677,0
676,8
676,7
676,6
676,5
676,4
676,3
676,2
676,1
676,0
675,7
675,6
675,5
675,4
675,3
675,2
675,1
675,0
674,6
674,5
674,4
674,3
674,2
674,1
674,0
673,5
673,4
673,3
673,2
673,1
673,0
672,6
672,5
672,4
672,3
672,2
672,1
672,0
671,5
671,4
671,3
671,2
671,1
671,0
670,4
670,3
670,2
670,1
670,0
669,3
669,2
669,1
669,0
668,3
668,2
668,1
668,0
667,3
667,2
667,1
667,0
641,34
641,33
641,32
641,31
641,27
641,30
641,29
641,28
641,24
641,26
641,25
641,20
641,23
641,22
641,21
641,16
641,19
641,18
641,17
641,12
641,15
641,14
641,13
641,10
641,11
641,9
641,4
641,8
641,7
641,6
641,5
666,3
666,2
666,1
666,0
665,3
665,2
665,1
665,0
664,10
664,9
664,8
664,7
664,6
664,5
664,4
664,3
664,2
664,1
664,0
663,9
663,8
663,7
663,6
663,5
663,4
663,3
663,2
663,1
663,0
662,8
662,7
662,6
662,5
662,4
662,3
662,2
662,1
662,0
661,7
661,6
661,5
661,4
661,3
661,2
661,1
661,0
660,6
660,5
660,4
660,3
660,2
660,1
660,0
659,5
659,4
659,3
659,2
659,1
659,0
658,4
658,3
658,2
658,1
658,0
657,3
657,2
657,1
657,0
656,3
656,2
656,1
656,0
655,3
655,2
655,1
655,0
654,3
654,2
654,1
654,0
653,3
653,2
653,1
653,0
652,8
652,7
652,6
652,5
652,4
652,3
652,2
652,1
652,0
651,7
651,6
651,5
651,4
651,3
651,2
651,1
651,0
650,6
650,5
650,4
650,3
650,2
650,1
650,0
649,5
649,4
649,3
649,2
649,1
649,0
648,8
648,7
648,6
648,5
648,4
648,3
648,2
648,1
648,0
647,7
647,6
647,5
647,4
647,3
647,2
647,1
647,0
646,6
646,5
646,4
646,3
646,2
646,1
646,0
645,5
645,4
645,3
645,2
645,1
645,0
644,6
644,5
644,4
644,3
644,2
644,1
644,0
643,5
643,4
643,3
643,2
643,1
643,0
642,4
642,3
642,2
642,1
